1
9
17
18
36
43
45
45
45
53
60
65
93
95
95
97
98
98
99
99
99
60
71
90
56
50
19
45
58
69
99
36
65
99
99
14
19
86
97
69
69
22
99
16
49
63
95
95
99
97
99
99
89
77
39
28
57
14
73
45
58
69
68
65
59
45
55
30
57
20
1
27
99
94
92
22
69
79
95
29
5
24
47
58
46
17
88
99
34
15
85
95
61
40
90
68
79
99
55
4
59
66
99
99
75
59
96
99
20
68
58
52
90
18
18
51
48
99
29
59
79
77
50
56
1
45
58
89
99
99
86
99
99
99
20
74
22
47
49
99
60
98
99
58
29
59
99
49
89
98
98
28
29
79
90
13
99
50
99
99
98
98
49
44
48
79
86
99
61
95
97
79
98
81
78
37
94
79
99
95
99
43
52
40
49
90
75
99
97
24
99
46
58
63
50
37
95
49
97
24
96
99
20
65
40
22
67
63
54
85
95
49
99
45
99
57
51
99
25
25
98
79
48
12
65
29
20
98
85
27
47
58
47
79
85
41
63
95
15
98
1
50
19
99
50
6
50
19
50
99
98
56
96